1 38 7
2 28 9
3 14 1
4 42 12
5 7 8
6 20 11
7 38 19
8 18 17
9 22 8
10 10 3
11 10 3
12 23 1
13 35 5
14 39 10
15 23 7
16 2 9
17 21 7
18 1 9
19 23 8
20 43 12
21 29 2
22 37 1
23 1 16
24 20 5
25 32 3
26 11 12
27 21 8
28 43 3
29 24 1
30 48 3
31 26 5
32 41 15
33 27 14
34 15 3
35 14 1
36 46 5
37 50 14
38 43 7
39 2 9
40 36 15
41 50 15
42 6 10
43 20 13
44 8 19
45 38 7
46 17 17
47 3 20
48 24 4
49 13 5
50 49 7
51 8 13
52 25 15
53 1 11
54 19 4
55 27 13
56 46 7
57 6 19
58 43 2
59 7 10
60 46 13
61 34 6
62 13 12
63 16 12
64 35 20
65 49 11
66 39 7
67 3 1
68 1 1
69 5 20
70 41 13
71 3 9
72 28 3
73 17 7
74 25 6
75 43 8
76 33 9
77 9 5
78 35 1
79 13 19
80 30 10
81 47 12
82 14 15
83 7 9
84 13 20
85 22 17
86 39 17
87 20 20
88 15 12
89 44 7
90 17 2
91 46 3
92 23 17
93 25 5
94 24 17
95 44 17
96 40 17
97 28 2
98 14 2
99 44 5
100 0 1
